# step Upe Ubond  Pxx Pyy Pzz Pxy Pxz Pyz Ugauss[0] Ugauss[1] Ugauss[2] 
0 4.57143e+06 1.13796e+06 3.5974 3.58179 3.59049 -0.00238776 -0.0006901 -0.00137453 1.12625e+06 1.52357e+06 783652 2.93817e-35 
1000 3.50963e+06 565158 3.94332 3.94346 3.91495 -3.27578e-05 -0.000522439 0.000178845 986408 1.27196e+06 686104 2.93817e-35 
2000 3.5067e+06 563696 3.95883 3.95881 3.88809 6.29473e-05 -0.000129553 5.22052e-05 1.05858e+06 1.1315e+06 752923 2.93817e-35 
3000 3.5127e+06 569628 3.96594 3.96673 3.85507 0.000583538 -0.00157199 -0.000390246 1.13403e+06 984036 825002 2.93817e-35 
4000 3.51896e+06 576303 3.97284 3.97189 3.82345 -0.0021288 -0.000898986 -0.000432378 1.20037e+06 853991 888300 2.93817e-35 
5000 3.52562e+06 583072 3.97487 3.97516 3.79743 0.000402131 -0.00246986 1.47419e-05 1.25325e+06 747802 941492 2.93817e-35 
6000 3.53092e+06 588154 3.97774 3.97729 3.77782 0.00209968 -0.000373284 -0.00148685 1.29658e+06 665631 980556 2.93817e-35 
7000 3.53494e+06 592488 3.98022 3.97682 3.76294 -0.000151544 -0.00118243 -0.00174106 1.33015e+06 599235 1.01307e+06 2.93817e-35 
8000 3.53807e+06 595537 3.98042 3.97758 3.75285 -0.00086339 -0.000188342 -0.000517229 1.35448e+06 550840 1.03721e+06 2.93817e-35 
9000 3.54225e+06 599541 3.98006 3.97934 3.73968 -0.00185987 0.00160606 -0.000372137 1.37417e+06 513304 1.05523e+06 2.93817e-35 
10000 3.54192e+06 599379 3.98089 3.98249 3.73654 0.000857693 0.00267004 -0.00114543 1.38672e+06 488398 1.06743e+06 2.93817e-35 
11000 3.54372e+06 601056 3.98248 3.97941 3.73261 0.000673216 0.000971392 -0.00181762 1.39538e+06 471997 1.07529e+06 2.93817e-35 
12000 3.54469e+06 602249 3.97898 3.98166 3.73068 4.73587e-05 0.000458705 -0.00054418 1.4031e+06 458079 1.08127e+06 2.93817e-35 
13000 3.54555e+06 602935 3.98055 3.98162 3.72664 -0.000389722 -0.000610786 -0.000255414 1.40912e+06 445865 1.08764e+06 2.93817e-35 
14000 3.54599e+06 603482 3.98212 3.98099 3.72548 -0.000582726 3.60731e-05 -0.00170219 1.41339e+06 437821 1.0913e+06 2.93817e-35 
15000 3.54859e+06 605971 3.9791 3.98096 3.72076 -0.00103426 -0.000799843 -0.000659675 1.41796e+06 428344 1.09631e+06 2.93817e-35 
16000 3.54773e+06 605054 3.97992 3.98412 3.71955 -0.000537497 -0.00125025 -0.00213958 1.4197e+06 424431 1.09854e+06 2.93817e-35 
17000 3.54772e+06 605181 3.98187 3.9825 3.71842 0.00109131 0.00104525 -0.000773812 1.42187e+06 420434 1.10023e+06 2.93817e-35 
18000 3.54825e+06 605468 3.98268 3.98015 3.71898 -0.000246807 0.000405674 -8.93729e-05 1.42396e+06 417812 1.101e+06 2.93817e-35 
19000 3.54758e+06 604986 3.98224 3.98223 3.71923 -0.000189706 -0.000373783 0.00116703 1.42428e+06 415831 1.10248e+06 2.93817e-35 
20000 3.54708e+06 604355 3.98058 3.98531 3.71942 -0.00119329 0.000662021 0.000917757 1.42653e+06 412315 1.10389e+06 2.93817e-35 
21000 3.54935e+06 606885 3.98004 3.98081 3.71646 0.00125591 0.00209402 0.00110645 1.42635e+06 411204 1.10492e+06 2.93817e-35 
22000 3.5482e+06 605705 3.9838 3.98132 3.71557 0.000286338 0.000210255 0.00124393 1.42867e+06 407561 1.10626e+06 2.93817e-35 
23000 3.54815e+06 605639 3.98292 3.98351 3.71445 -0.00117015 2.63274e-05 -0.000275233 1.42729e+06 408127 1.10709e+06 2.93817e-35 
24000 3.54879e+06 606308 3.98347 3.981 3.71563 -0.000380131 -0.000225323 0.000831783 1.43195e+06 402700 1.10783e+06 2.93817e-35 
25000 3.54834e+06 605826 3.9831 3.98119 3.7166 0.000502228 -0.00109366 0.00193115 1.43052e+06 403790 1.1082e+06 2.93817e-35 
26000 3.54742e+06 604768 3.98333 3.98314 3.71821 0.00128939 -0.000752228 0.000271199 1.42995e+06 404867 1.10784e+06 2.93817e-35 
27000 3.54831e+06 605577 3.98264 3.98276 3.71669 0.00156396 -0.00252813 0.00164031 1.43125e+06 403716 1.10777e+06 2.93817e-35 
28000 3.54911e+06 606300 3.98203 3.98169 3.71588 0.00124259 -0.00150778 0.000273983 1.43057e+06 404507 1.10774e+06 2.93817e-35 
29000 3.54912e+06 606234 3.9824 3.98114 3.71594 0.00129055 -0.000752974 0.000622328 1.43136e+06 403188 1.10834e+06 2.93817e-35 
30000 3.54938e+06 607366 3.98076 3.98012 3.71539 0.000452303 0.000710895 -0.000426037 1.43093e+06 401831 1.10925e+06 2.93817e-35 
31000 3.54857e+06 605876 3.98321 3.98261 3.71532 -0.000780759 -0.000829241 9.00766e-05 1.43207e+06 402369 1.10826e+06 2.93817e-35 
32000 3.54915e+06 606600 3.98245 3.97976 3.71693 0.000864082 -0.00127931 0.000554671 1.43326e+06 400805 1.10849e+06 2.93817e-35 
33000 3.5492e+06 606742 3.98174 3.98288 3.71324 1.45285e-05 0.0023748 0.000662878 1.43186e+06 400362 1.11023e+06 2.93817e-35 
34000 3.54735e+06 604913 3.98161 3.98331 3.71919 -0.00104323 -0.00148537 0.00141189 1.43225e+06 402615 1.10757e+06 2.93817e-35 
35000 3.54922e+06 606571 3.97975 3.98256 3.71612 0.000656909 -0.000445049 0.000815572 1.43194e+06 401781 1.10893e+06 2.93817e-35 
36000 3.54863e+06 606184 3.98114 3.98215 3.71638 0.00112843 0.000657484 0.00055028 1.43128e+06 402514 1.10865e+06 2.93817e-35 
37000 3.54995e+06 607283 3.98093 3.98101 3.71455 -0.000749219 -0.000494386 -0.000237783 1.43236e+06 401936 1.10838e+06 2.93817e-35 
38000 3.54931e+06 606702 3.98135 3.98261 3.71523 -0.00067053 -0.000578658 5.79604e-05 1.43144e+06 402689 1.10849e+06 2.93817e-35 
39000 3.54829e+06 605838 3.98191 3.98391 3.71519 -0.000135743 -7.66805e-05 -0.00160488 1.43231e+06 400486 1.10965e+06 2.93817e-35 
40000 3.55039e+06 607602 3.9819 3.97931 3.7144 5.58912e-05 0.000103735 -0.00148677 1.43377e+06 398580 1.11044e+06 2.93817e-35 
41000 3.54845e+06 605871 3.98067 3.98359 3.71609 -0.00162356 0.00104345 -2.20327e-05 1.43259e+06 399089 1.1109e+06 2.93817e-35 
42000 3.54836e+06 605784 3.98115 3.98197 3.71852 6.12011e-05 -0.000454426 0.000505669 1.43262e+06 399916 1.11004e+06 2.93817e-35 
43000 3.54829e+06 605799 3.98226 3.98098 3.71813 0.000667424 0.00090604 0.00149543 1.43192e+06 399070 1.1115e+06 2.93817e-35 
44000 3.54873e+06 606282 3.98186 3.98237 3.71586 -0.000253535 0.00127837 0.00251327 1.43189e+06 403620 1.10693e+06 2.93817e-35 
45000 3.54956e+06 606875 3.98247 3.98126 3.71369 0.000975507 0.00131574 0.00118542 1.43351e+06 399105 1.11008e+06 2.93817e-35 
46000 3.54857e+06 605992 3.98162 3.98416 3.71509 -0.000830012 -0.00108031 9.50722e-05 1.43245e+06 400182 1.10995e+06 2.93817e-35 
47000 3.54879e+06 606093 3.98214 3.98169 3.71582 -0.00131825 -7.84809e-05 0.0007979 1.43268e+06 403226 1.10679e+06 2.93817e-35 
48000 3.54927e+06 606848 3.98149 3.98143 3.71554 -0.00119128 0.000498872 -0.000357014 1.43256e+06 399966 1.1099e+06 2.93817e-35 
49000 3.54833e+06 605535 3.98438 3.9823 3.71531 0.000978525 -1.5348e-05 -0.000875662 1.43408e+06 397754 1.11097e+06 2.93817e-35 
50000 3.54728e+06 604932 3.98062 3.98703 3.71551 0.000818452 -0.00174805 -0.00204117 1.43323e+06 398768 1.11035e+06 2.93817e-35 
51000 3.55057e+06 607914 3.97979 3.98043 3.71474 0.000435262 -0.00123264 -0.000480548 1.43286e+06 400187 1.10961e+06 2.93817e-35 
52000 3.54816e+06 605445 3.98153 3.98379 3.71701 -8.8702e-05 -0.000688951 -0.00121576 1.43317e+06 400458 1.10909e+06 2.93817e-35 
53000 3.54882e+06 606301 3.98125 3.98218 3.71621 -0.00169369 -0.00136962 0.000375155 1.43246e+06 399838 1.11022e+06 2.93817e-35 
54000 3.5474e+06 604796 3.98259 3.98414 3.71785 0.000751711 -0.0014531 0.000192324 1.43269e+06 401084 1.10883e+06 2.93817e-35 
55000 3.54866e+06 606100 3.981 3.98276 3.71624 4.85519e-05 -0.00111046 -0.000846862 1.43328e+06 400207 1.10907e+06 2.93817e-35 
56000 3.54856e+06 605741 3.98161 3.98339 3.716 0.000261367 0.000220439 0.00127646 1.43371e+06 398796 1.11031e+06 2.93817e-35 
57000 3.54845e+06 605834 3.98201 3.98391 3.71572 -0.000491713 -0.000939731 -0.000481302 1.43297e+06 400913 1.10873e+06 2.93817e-35 
58000 3.5486e+06 606173 3.98309 3.98208 3.71496 -0.000726612 0.00187247 -0.000898668 1.43138e+06 400861 1.11019e+06 2.93817e-35 
59000 3.55013e+06 607681 3.97885 3.98001 3.71582 -2.93558e-05 0.00211742 -0.000110746 1.43288e+06 399900 1.10967e+06 2.93817e-35 
60000 3.5492e+06 606685 3.9827 3.98093 3.7145 -0.000488919 0.00129942 -8.62407e-05 1.43247e+06 400225 1.10981e+06 2.93817e-35 
61000 3.54956e+06 606781 3.98222 3.98146 3.71496 -9.48178e-05 0.000245266 0.0013817 1.43442e+06 396805 1.11155e+06 2.93817e-35 
62000 3.54859e+06 605998 3.98336 3.981 3.71607 -0.00061325 0.000524112 -0.000967974 1.43289e+06 399417 1.11028e+06 2.93817e-35 
63000 3.54946e+06 607005 3.98068 3.98199 3.71514 -0.000663477 -0.00109737 -0.000145922 1.43317e+06 399033 1.11025e+06 2.93817e-35 
64000 3.54865e+06 605877 3.98261 3.98339 3.71449 -0.000125839 -1.3657e-05 0.000698584 1.43246e+06 401296 1.10901e+06 2.93817e-35 
65000 3.54928e+06 606714 3.98105 3.98205 3.71527 0.000255029 0.00173606 -0.00186832 1.43174e+06 401956 1.10887e+06 2.93817e-35 
66000 3.54904e+06 606634 3.97981 3.98311 3.71501 0.000529145 -0.000396536 -0.000818799 1.43278e+06 400257 1.10936e+06 2.93817e-35 
67000 3.54803e+06 605457 3.98204 3.98408 3.71615 0.00169129 -0.000241271 -0.00130083 1.43304e+06 400115 1.10942e+06 2.93817e-35 
68000 3.54867e+06 606200 3.98337 3.98181 3.71523 0.00113428 0.00129925 -0.00190079 1.43294e+06 401589 1.10795e+06 2.93817e-35 
69000 3.55031e+06 607554 3.98093 3.97885 3.71608 0.000484977 -8.93758e-05 -0.00031896 1.43302e+06 402097 1.10764e+06 2.93817e-35 
70000 3.54832e+06 605750 3.98227 3.98239 3.71669 0.00160599 -0.000823187 -0.000909963 1.43147e+06 402010 1.10909e+06 2.93817e-35 
71000 3.54871e+06 606223 3.981 3.98273 3.71615 -0.000724364 -0.000452617 -0.00123251 1.43178e+06 400877 1.10983e+06 2.93817e-35 
72000 3.54944e+06 606497 3.98182 3.98152 3.71546 -1.42804e-05 -0.00144002 -0.00208046 1.43287e+06 400027 1.11005e+06 2.93817e-35 
73000 3.54795e+06 605274 3.98383 3.98418 3.71469 -0.000872526 -0.000698779 -0.00108136 1.43179e+06 401392 1.1095e+06 2.93817e-35 
74000 3.55017e+06 607605 3.9824 3.97869 3.71475 4.26117e-05 6.49805e-05 0.000722661 1.43241e+06 399737 1.11042e+06 2.93817e-35 
75000 3.54738e+06 604746 3.9846 3.9833 3.71574 -0.000152766 -0.00105507 0.0010686 1.43261e+06 400673 1.10934e+06 2.93817e-35 
76000 3.54978e+06 607130 3.9809 3.98169 3.71477 -0.00173739 0.000592718 0.000804596 1.43274e+06 400871 1.10904e+06 2.93817e-35 
77000 3.54849e+06 605907 3.98317 3.98146 3.7165 -0.0010273 -0.000584492 -7.61382e-05 1.43206e+06 401081 1.10944e+06 2.93817e-35 
78000 3.54765e+06 604977 3.98383 3.98447 3.71503 -0.00035193 -7.92715e-05 0.00247396 1.43339e+06 398398 1.11088e+06 2.93817e-35 
79000 3.54936e+06 606564 3.9812 3.98215 3.71437 0.00140723 0.000193773 -0.000384274 1.43221e+06 400701 1.10988e+06 2.93817e-35 
80000 3.54831e+06 605648 3.98219 3.98334 3.71555 -0.00157538 -0.000277013 -0.000678565 1.43181e+06 401471 1.10938e+06 2.93817e-35 
81000 3.54876e+06 605962 3.98165 3.98348 3.71534 0.00088308 -0.00031816 0.000327905 1.43284e+06 400710 1.10924e+06 2.93817e-35 
82000 3.54827e+06 605541 3.98296 3.9821 3.71682 -0.000588934 0.00129016 0.00140785 1.43308e+06 400916 1.10873e+06 2.93817e-35 
83000 3.55037e+06 607825 3.98187 3.98109 3.71215 -0.00069843 0.00114519 -0.000566426 1.43201e+06 401215 1.10932e+06 2.93817e-35 
84000 3.54852e+06 606076 3.98101 3.98247 3.71608 -0.000712222 0.00112526 0.000493189 1.43062e+06 402708 1.10912e+06 2.93817e-35 
85000 3.54962e+06 607092 3.9814 3.98166 3.71414 0.000190751 0.00172017 0.000283877 1.43163e+06 402235 1.10867e+06 2.93817e-35 
86000 3.54845e+06 605445 3.98417 3.9821 3.71603 -0.000270881 0.000530456 6.08762e-05 1.43435e+06 398635 1.11002e+06 2.93817e-35 
87000 3.54793e+06 605603 3.98176 3.98372 3.71626 -0.00109894 -0.000444615 0.000154973 1.43385e+06 399139 1.10934e+06 2.93817e-35 
88000 3.54905e+06 606276 3.98134 3.98195 3.71534 -0.00050292 8.65315e-05 0.00151736 1.43267e+06 400447 1.10966e+06 2.93817e-35 
89000 3.54856e+06 605670 3.98303 3.98295 3.71526 -0.000516623 -0.00152572 0.0014297 1.43333e+06 398081 1.11148e+06 2.93817e-35 
90000 3.54875e+06 606172 3.98344 3.97901 3.71733 0.000572441 0.000631727 0.000122395 1.43307e+06 399270 1.11024e+06 2.93817e-35 
91000 3.54871e+06 606242 3.98163 3.98169 3.71652 -0.00214637 -1.4483e-05 -0.00104257 1.43164e+06 401846 1.10899e+06 2.93817e-35 
92000 3.54891e+06 606418 3.98185 3.98205 3.71583 -0.00077996 0.00214303 -0.00183756 1.43199e+06 401637 1.10887e+06 2.93817e-35 
93000 3.54824e+06 605522 3.98368 3.98269 3.71556 9.66527e-05 0.000424308 5.56554e-05 1.43351e+06 399679 1.10953e+06 2.93817e-35 
94000 3.54869e+06 605882 3.9819 3.98407 3.71547 -0.000521542 0.000149089 -0.000940251 1.43341e+06 400591 1.10881e+06 2.93817e-35 
95000 3.54963e+06 607095 3.98004 3.98303 3.71402 -0.00025329 -0.000461429 -0.00107567 1.43341e+06 398808 1.11031e+06 2.93817e-35 
96000 3.55063e+06 608058 3.97995 3.97967 3.71397 0.000811291 0.00208861 0.000155196 1.43257e+06 400295 1.10971e+06 2.93817e-35 
97000 3.54824e+06 605741 3.98084 3.98312 3.71704 0.00148238 0.00016256 -0.000856486 1.43278e+06 399979 1.10974e+06 2.93817e-35 
98000 3.54946e+06 606605 3.98145 3.98081 3.71632 -0.000259649 0.000551255 -0.000718491 1.43236e+06 400153 1.11033e+06 2.93817e-35 
99000 3.55065e+06 607890 3.98109 3.97865 3.71525 0.00110907 -0.00071896 0.000773912 1.43362e+06 399990 1.10915e+06 2.93817e-35 
100000 3.54819e+06 605624 3.98395 3.98248 3.71494 0.000257051 1.1129e-05 -0.00176047 1.43386e+06 398602 1.1101e+06 2.93817e-35 
